0.539937
0.299685
0.060716
0.632206
0.626770
0.291015
0.369898
0.135474
0.966289
0.437197
0.831275
0.515038
0.167899
0.009368
0.131916
0.329222
0.973371
0.671658
0.560398
0.368172
0.702194
0.815762
0.829429
0.971858
0.567217
0.189548
0.738290
0.719113
0.827475
0.862363
0.762378
0.367413
0.162048
0.823094
0.999619
0.788818
0.114109
0.369517
0.924292
0.080398
0.806714
0.755566
0.595436
0.974613
0.764934
0.727352
0.303835
0.738305
0.399010
0.864233
0.106477
0.101204
0.679996
0.935905
0.073061
0.247213
0.125453
0.811351
0.966326
0.952928
0.673714
0.728704
0.320341
0.835762
0.551798
0.319960
0.624580
0.665907
0.689477
0.548872
0.746305
0.496191
0.304438
0.341741
0.470804
0.069372
0.069093
0.774640
0.807676
0.468103
0.638873
0.914153
0.569307
0.318868
0.850058
0.642368
0.566081
0.975511
0.453719
0.532407
0.928439
0.127434
0.261111
0.248781
0.963196
0.812909
0.568740
0.587776
0.478816
0.258217
0.136647
0.225121
0.754408
0.441085
0.566862
0.225212
0.510457
0.635955
0.999852
0.318133
0.104058
0.638725
0.232286
0.673365
0.957593
0.082344
0.315733
0.523675
0.057855
0.769452
0.056081
0.986294
0.896886
0.317192
0.235074
0.860082
0.130100
0.803815
0.447858
0.608916
0.062032
0.584505
0.834037
0.816440
0.025590
0.400899
0.041653
0.536047
0.036854
0.041505
0.854180
0.140913
0.680230
0.086466
0.814277
0.637823
0.168809
0.130010
0.161498
0.226664
0.899462
0.217579
0.212958
0.796348
0.534771
0.448032
0.656429
0.664872
0.251847
0.104287
0.273788
0.313879
0.688792
0.107825
0.130319
0.714382
0.508724
0.171972
0.250430
0.545578
0.213477
0.104609
0.686491
0.893706
0.191075
0.500768
0.531530
0.359884
0.630778
0.693028
0.586548
0.530239
0.910607
0.799506
0.326587
0.445378
0.247538
0.983017
0.110250
0.499385
0.087304
0.384038
0.813264
0.776096
0.491862
0.943583
0.490479
0.000586
0.115555
0.740908
0.546164
0.329031
0.845518
0.232655
0.222738
0.036593
0.733422
0.754267
0.396477
0.364200
0.447295
0.983025
0.894440
0.357902
0.782531
0.221027
0.803281
0.030068
0.204043
0.913531
0.529453
0.291347
0.297568
0.342717
0.067443
0.789430
0.286300
0.557922
0.790016
0.401855
0.298830
0.336180
0.730886
0.144347
0.568835
0.953624
0.180940
0.302257
0.707891
0.577417
0.666457
0.155186
0.560441
0.560897
0.513089
0.342972
0.781923
0.316369
0.373040
0.985967
0.229900
0.902494
0.277314
0.527468
0.245211
0.344758
0.316898
0.531511
0.902680
0.106914
0.933366
0.201509
0.443094
0.664252
0.345857
0.011929
0.617876
0.526797
0.314186
0.325767
0.104214
0.980643
0.480953
0.664655
0.541539
0.994042
0.007627
0.323463
0.310411
0.380668
0.309430
0.540311
0.283161
0.586744
0.067779
0.528372
0.931501
0.384677
0.059884
0.834181
0.491591
0.993250
0.035690
0.934685
0.657502
0.381547
0.946614
0.275377
0.908344
0.260799
0.601144
0.012558
0.241442
0.082098
0.677213
0.782981
0.076140
0.684840
0.106444
0.386551
0.065507
0.415874
0.926862
0.348669
0.002618
0.994641
0.877041
0.934119
0.379319
0.936925
0.768300
0.870910
0.930174
0.803990
0.805595
0.587676
0.185538
0.752208
0.863054
0.093882
0.013008
0.464198
0.106440
0.254450
0.546296
0.783653
0.037431
0.622435
0.468492
0.143875
0.008986
0.534000
0.559749
0.935849
0.882668
0.562367
0.930490
0.759709
0.496486
0.309809
0.696634
0.264786
0.180719
0.626808
0.068777
0.986313
0.214485
0.254314
0.738522
0.077538
0.348196
0.751529
0.541736
0.454636
0.005979
0.088032
0.238289
0.043410
0.710467
0.706781
0.187285
0.719453
0.240781
0.747034
0.655302
0.123449
0.309400
0.585792
0.883158
0.805886
0.895601
0.579792
0.070672
0.076319
0.206601
0.139449
0.062633
0.421085
0.393763
0.801154
0.498623
0.741960
0.552684
0.040359
0.196596
0.558663
0.128391
0.434884
0.602072
0.838858
0.141665
0.789357
0.558311
0.382446
0.536391
0.213613
0.505894
0.845791
0.799405
0.389053
0.651677
0.695006
0.968845
0.722350
0.771326
0.175446
0.861799
0.833959
0.596531
0.255562
0.635113
0.095154
0.997522
0.187797
0.135514
0.194117
0.746459
0.263905
0.629001
0.348532
0.102763
0.770666
0.137889
0.661074
0.153112
0.674279
0.874688
0.659006
0.520070
0.674093
0.048059
0.171748
0.369099
0.016904
0.894098
0.140425
0.192350
0.755897
0.974384
0.788881
0.011459
0.609497
0.884035
0.008980
0.797294
0.019549
0.203097
0.543753
0.283454
0.832099
0.892285
0.386217
0.602765
0.030173
0.047291
0.755877
0.704452
0.921979
0.414883
0.224523
0.596072
0.462942
0.396271
0.965171
0.479846
0.290369
0.105596
0.672195
0.046265
0.079980
0.461076
0.057724
0.689477
0.345111
0.066704
0.486770
0.364660
0.269802
0.030523
0.648114
0.101900
0.922808
0.034331
0.704665
0.952981
0.081622
0.460542
0.657434
0.003601
0.875424
0.881957
0.599672
0.338366
0.278227
0.564843
0.818212
0.568596
0.670440
0.490407
0.614862
0.750419
0.951483
0.672586
0.439896
0.296593
0.739290
0.926666
0.661253
0.009092
0.957190
0.309367
0.110992
0.879998
0.343697
0.815657
0.832979
0.425319
0.276198
0.490413
0.428920
0.151623
0.372369
0.028592
0.489989
0.650597
0.593435
0.308201
0.219193
0.263875
0.798608
0.834054
0.014295
0.750090
0.506640
0.454191
0.046684
0.245930
0.380857
0.707936
0.255021
0.338047
0.017303
0.366013
0.218045
0.361000
0.181670
0.051024
0.786319
0.457868
0.541436
0.215238
0.609491
0.913805
0.243830
0.099480
0.564402
0.837266
0.407681
0.783595
0.101141
0.206289
0.617649
0.115436
0.956379
0.124289
0.569626
0.003062
0.370219
0.950484
0.710999
0.625240
0.288530
0.728302
0.991253
0.506575
0.089302
0.172923
0.557599
0.875621
0.630791
0.099035
0.090859
0.240282
0.012841
0.334690
0.339762
0.577243
0.171955
0.747443
0.360837
0.273096
0.953732
0.978486
0.388532
0.910111
0.102775
0.958158
0.913173
0.472994
0.908642
0.624172
0.098234
0.197172
0.352473
0.089487
0.703748
0.441775
0.262410
0.261347
0.317396
0.893201
0.360382
0.408255
0.133483
0.373223
0.742945
0.473245
0.950465
0.914900
0.220688
0.311302
0.187996
0.174420
0.289789
0.576528
0.084531
0.392564
0.534687
0.997703
0.865557
0.443328
0.621875
0.963791
0.640501
0.974348
0.053278
0.344248
0.416123
0.315688
0.605595
0.733519
0.208888
0.965977
0.141774
0.342371
0.339199
0.884719
0.815616
0.289664
0.799619
0.036305
0.600967
0.987616
0.210725
0.890756
0.564144
0.295256
0.283319
0.098831
0.292959
0.148877
0.542159
0.914834
0.112668
0.182660
0.889183
0.165946
0.526908
0.305306
0.481634
0.132503
0.038825
0.690522
0.098480
0.180600
0.032894
0.437679
0.065319
0.848510
0.727343
0.864938
0.884815
0.328310
0.852553
0.095540
0.219066
0.416697
0.390796
0.502385
0.515528
0.683755
0.651262
0.057687
0.598589
0.763931
0.240347
0.487772
0.929877
0.767255
0.793078
0.411511
0.899758
0.831903
0.102033
0.998238
0.012503
0.134926
0.435917
0.077822
0.983436
0.163261
0.942759
0.868251
0.491571
0.795313
0.963791
0.710637
0.212010
0.354587
0.213023
0.727538
0.038342
0.864285
0.785225
0.636931
0.628216
0.025573
0.124703
0.558092
0.792828
0.917780
0.969603
0.692586
0.749683
0.071636
0.690825
0.762186
0.206562
0.126742
0.840008
0.189999
0.290003
0.782767
0.058250
0.781574
0.578080
0.022042
0.492211
0.790090
0.376629
0.705234
0.517628
0.414971
0.569519
0.302854
0.051902
0.197734
0.328426
0.176604
0.755827
0.121254
0.094385
0.725430
0.813841
0.844068
0.797066
0.504665
0.606255
0.003628
0.631407
0.446263
0.193626
0.921410
0.229030
0.251877
0.702983
0.807110
0.273918
0.195194
0.597201
0.650547
0.900428
0.114829
0.065518
0.469947
0.417683
0.117419
0.667681
0.746109
0.294024
0.423508
0.867363
0.388409
0.148938
0.681204
0.232477
0.946004
0.185869
0.838732
0.949631
0.817276
0.284994
0.143258
0.738685
0.514025
0.395134
0.441669
0.321135
0.669052
0.636863
0.918336
0.319599
0.537291
0.033165
0.385117
0.007238
0.450848
0.502536
0.674919
0.196957
0.796560
0.098428
0.064320
0.184968
0.247366
0.745523
0.417445
0.193369
0.931392
0.256177
0.143001
0.748668
0.541171
0.286258
0.487354
0.055196
0.681392
0.929023
0.376331
0.350445
0.565886
0.294667
0.670044
0.103177
0.327832
0.055160
0.110415
0.778680
0.557696
0.785334
0.975636
0.354256
0.883762
0.039956
0.539224
0.131127
0.785479
0.956669
0.324497
0.716872
0.212846
0.467497
0.465540
0.754018
0.753755
0.952894
0.809214
0.435148
0.881916
0.185545
0.785593
0.447802
0.480212
0.455636
0.550979
0.808044
0.510797
0.661394
0.586724
0.068493
0.446728
0.562360
0.422749
0.330490
0.602316
0.961973
0.461617
0.387795
0.918642
0.786114
0.104667
0.131489
0.253611
0.570207
0.885507
0.007367
0.523100
0.694720
0.442514
0.405016
0.880266
0.228107
0.852818
0.360478
0.683743
0.403797
0.168522
0.194540
0.065191
0.755245
0.263034
0.511919
0.317605
0.685782
0.842409
0.919921
0.647756
0.304026
0.307716
0.566398
0.090140
0.412383
0.697887
0.343751
0.982589
0.583393
0.351118
0.505689
0.278114
0.793632
0.910706
0.158379
0.021739
0.763524
0.518857
0.705483
0.167321
0.687379
0.900023
0.232511
0.442624
0.163057
0.744430
0.760230
0.848839
0.586839
0.680151
0.496595
0.890865
0.987867
0.062993
0.981005
0.400249
0.760880
0.324756
0.382839
0.344273
0.675874
0.888528
0.622387
0.469506
0.799234
0.780767
0.491245
0.562758
0.299624
0.196728
0.730078
0.987003
0.096751
0.962589
0.429627
0.259807
0.707019
0.189857
0.108646
0.293858
0.870007
0.605241
0.184723
0.857874
0.668234
0.165727
0.258123
0.429113
0.490483
0.640962
0.773386
0.166357
0.529490
0.395773
0.635863
0.328724
0.176540
0.127108
0.891482
0.476164
0.323836
0.621560
0.463166
0.420586
0.584149
0.892793
0.680393
0.291169
0.082650
0.789039
0.585027
0.952657
0.394280
0.769749
0.810531
0.062514
0.935477
0.068655
0.491627
0.425960
0.709617
0.265013
0.592317
0.239107
0.660786
0.228180
0.567831
0.837326
0.355288
0.459312
0.313490
0.679124
0.080872
0.776656
0.099710
0.665021
0.669449
0.780103
0.956190
0.752100
0.569142
0.541216
0.704757
0.963423
0.310966
0.515288
0.025936
0.246442
0.583943
0.517563
0.672402
0.293560
0.782576
0.264719
0.532666
0.443362
0.492899
0.100497
0.280688
0.848188
0.559809
0.594178
0.527311
0.640682
0.370834
0.627021
0.305703
0.040284
0.407124
0.261893
0.792383
0.976267
0.803109
0.497140
0.939689
0.114075
0.012429
0.965626
0.360517
0.596372
0.483188
0.032920
0.889931
0.265764
0.297639
0.422598
0.709127
0.790538
0.523095
0.989815
0.638726
0.082904
0.583993
0.166037
0.723586
0.954827
0.793058
0.029289
0.995111
0.200183
0.291182
0.787494
0.176449
0.094291
0.284634
0.116139
0.208366
0.297063
0.081764
0.568884
0.893435
0.564953
0.601803
0.783366
0.830717
0.899442
0.205964
0.539844
0.689981
0.729059
0.529659
0.328707
0.811963
0.113652
0.494744
0.535549
0.068479
0.287803
0.564838
0.063590
0.487985
0.856020
0.851084
0.664435
0.950311
0.135719
0.780573
0.158678
0.432782
0.862338
0.727562
0.326217
0.427290
0.329365
0.109583
0.258007
0.228808
0.315547
0.797851
0.918789
0.044606
0.327510
0.247495
0.856570
0.441162
0.742240
0.392119
0.509641
0.030042
0.956957
0.573231
0.518027
0.812977
0.424316
0.182462
0.763288
0.560034
0.963035
0.921966
0.992816
0.825373
0.649528
0.319033
0.252663
0.978893
0.428616
0.510670
0.207701
0.744164
0.308521
0.126490
0.788770
0.636031
0.373985
0.645339
0.077193
0.116225
0.037458
0.586834
0.146267
0.994415
0.160065
0.664294
0.807392
0.584380
0.846756
0.570680
0.144415
0.809791
0.492647
0.137231
0.635164
0.142175
0.456264
0.887827
0.121068
0.884881
0.398497
0.328769
0.629044
0.707018
0.455259
0.417814
0.343049
0.829244
0.063153
0.420241
0.945469
0.100612
0.007075
0.091735
0.095027
0.167140
0.756029
0.902419
0.751520
0.602785
0.473099
0.895935
0.412576
0.965746
0.033166
0.047739
0.107921
0.489431
0.935566
0.228989
0.374311
0.334062
0.557759
0.003356
0.041080
0.013018
0.421170
0.384129
0.842262
0.484323
0.804370
0.787730
0.584935
0.811445
0.879466
0.679961
0.978585
0.635495
0.582380
0.730105
0.238279
0.055479
0.626040
0.650855
0.021225
0.659206
0.698594
0.129147
0.148636
0.634160
0.358136
0.522948
0.968222
0.915895
0.526303
0.009303
0.928913
0.947473
0.393432
0.771174
0.431796
0.197802
0.558905
0.016731
0.009247
0.438370
0.696692
0.987831
0.073865
0.279072
0.717936
0.312144
0.334551
0.343976
0.962999
0.355777
0.003181
0.661593
0.484923
0.151818
0.295753
0.843059
0.674766
0.263976
0.758954
0.201069
0.273279
0.687866
0.148542
0.666710
0.459041
0.580338
0.864512
0.017945
0.597068
0.873758
0.456316
0.293760
0.861590
0.530180
0.572832
0.579526
0.842324
0.907383
0.923501
0.805324
0.263159
0.926683
0.466917
0.748083
0.078501
0.762670
0.591142
0.753266
0.026646
0.350095
0.954335
0.299925
0.037961
0.102877
0.966635
0.497002
0.683215
0.831147
0.514947
0.280283
0.704906
0.971263
0.574043
0.566495
0.501443
0.146874
0.146021
0.343768
0.054257
0.069523
0.149091
0.317417
0.996205
0.616008
0.065499
0.074706
0.378679
0.656641
0.827972
0.405325
0.006736
0.782308
0.705250
0.044698
0.885184
0.671885
0.541700
0.568399
0.503032
0.056647
0.848682
0.207938
0.027910
0.422724
0.774433
0.529353
0.569599
0.920455
0.873120
0.623856
0.989977
0.022212
0.941273
0.986182
0.638220
0.006773
0.060888
0.016899
0.663414
0.888861
0.422224
0.670150
0.671168
0.127474
0.714847
0.556353
0.799359
0.256547
0.124752
0.302392
0.313194
0.973433
0.510330
0.341104
0.396158
0.284763
0.870456
0.965757
0.205218
0.743577
0.589613
0.195195
0.765789
0.530886
0.181377
0.404009
0.537658
0.242265
0.420907
0.201072
0.131126
0.843131
0.871222
0.802295
0.970605
0.586069
0.358647
0.769964
0.842616
0.483399
0.072356
0.155810
0.456833
0.582686
0.496914
0.852990
0.867449
0.367370
0.818747
0.072666
0.110947
0.408360
0.267861
0.876736
0.939245
0.449238
0.280744
0.476904
0.691503
0.701652
0.677976
0.822630
0.544782
0.549198
0.624924
0.515387
0.135267
0.983572
0.285352
0.977883
0.466971
0.357708
0.133693
0.923804
0.940393
0.630607
0.776794
0.807842
0.997977
0.595540
0.880508
0.108924
0.003900
0.148369
0.985660
0.943146
0.597607
0.266405
0.420049
0.289110
0.968056
0.098025
0.111739
0.512839
0.647223
0.736664
0.028226
0.782489
0.720236
0.313578
0.760372
0.187206
0.671285
0.894065
0.111010
0.611678
0.524672
0.887804
0.419520
0.522649
0.483344
0.300028
0.631574
0.487244
0.448397
0.617234
0.430390
0.046003
0.883638
0.850439
0.335113
0.851694
0.948464
0.446853
0.364533
0.595687
0.183517
0.392759
0.378177
0.903752
0.706336
0.138549
0.090959
0.377621
0.032614
0.201969
0.989299
0.557286
0.089772
0.408819
0.079935
0.573117
0.708847
0.711509
0.060361
0.157244
0.328743
0.490751
0.203248
0.212381
0.341190
0.538361
0.064075
0.289654
0.985214
0.428608
0.885341
0.168731
0.821367
0.263518
0.072483
0.527704
0.402067
0.163441
0.905325
0.434681
0.365410
0.894624
0.991967
0.455182
0.303444
0.071902
0.028299
0.012291
0.783411
0.088660
0.169535
0.112154
0.579410
0.372783
0.324535
0.920600
0.911144
0.388610
0.210254
0.896358
0.817218
0.095595
0.065089
0.638586
0.359113
0.137571
0.166289
0.761179
0.301013
0.071614
0.195860
0.666423
0.966239
0.187827
0.121605
0.269683
0.259729
0.149904
0.281974
0.043139
0.238564
0.451509
0.155293
0.817974
0.824292
0.479828
0.738574
0.735437
0.868438
0.948828
0.631795
0.685656
0.044423
0.696883
0.324242
0.403536
0.834455
0.490531
0.164715
0.135468
0.562145
0.360575
0.801890
0.528384
0.548402
0.923496
0.798066
0.808130
0.073400
0.080040
0.851270
0.311964
0.531549
0.006563
0.129938
0.355842
0.486391
0.868512
0.091278
0.354828
0.817340
0.723073
0.040484
0.861763
0.419956
0.364726
0.265299
0.254411
0.855257
0.430014
0.389879
0.417402
0.790589
0.191769
0.945786
0.338991
0.115264
0.743852
0.147121
0.188664
0.823892
0.998391
0.500628
0.355442
0.004954
0.630566
0.711283
0.491344
0.499077
0.802562
0.846172
0.316417
0.525634
0.886657
0.178180
0.945591
0.251383
0.443478
0.200002
0.106640
0.873492
0.589880
0.524042
0.664081
0.781649
0.469828
0.003072
0.896914
0.213680
0.150193
0.085578
0.037572
0.148584
0.586206
0.393014
0.153538
0.216771
0.104297
0.644882
0.715849
0.906859
0.491055
0.032266
0.432493
0.377711
0.210445
0.378084
0.629094
0.653924
0.578086
0.735734
0.527416
0.167966
0.259776
0.191498
0.949615
0.729604
0.194570
0.846529
0.943284
0.344763
0.932106
0.980856
0.493348
0.518312
0.373870
0.646885
0.735084
0.478167
0.291768
0.450932
0.385026
0.782822
0.483198
0.817519
0.160533
0.693643
0.195603
0.789627
0.347567
0.773688
0.525361
0.874984
0.941654
0.785137
0.066481
0.891269
0.514741
0.261051
0.737798
0.458024
0.605815
0.669904
0.438880
0.099162
0.188216
0.812750
0.746048
0.923300
0.290917
0.037815
0.374232
0.675943
0.820637
0.857430
0.493462
0.981171
0.551073
0.689065
0.770798
0.898640
0.462753
0.296159
0.773624
0.404407
0.081296
0.840105
0.295676
0.596037
0.101156
0.033474
0.054062
0.706971
0.703378
0.492942
0.806133
0.891595
0.305692
0.552181
0.814895
0.596610
0.589996
0.189127
0.272553
0.410634
0.046557
0.766015
0.391804
0.597630
0.455079
0.162602
0.496270
0.917832
0.458761
0.269894
0.322240
0.540057
0.109999
0.617916
0.136095
0.211155
0.651390
0.190156
0.918126
0.354769
0.683098
0.724260
0.246363
0.988790
0.276441
0.061258
0.585400
0.866437
0.250385
0.857953
0.277071
0.296942
0.623967
0.668875
0.894571
0.079046
0.831477
0.390841
0.996879
0.290238
0.660735
0.319119
0.830295
0.770733
0.937035
0.966390
0.981888
0.588425
0.156546
0.900015
0.943194
0.839644
0.624275
0.189557
0.828434
0.900716
0.250815
0.413834
0.767153
0.501200
0.271787
0.044224
0.798142
0.895754
0.713099
0.692713
0.974800
0.544576
0.083554
0.971679
0.834814
0.744289
0.290798
0.665109
0.515022
0.227833
0.631499
0.496910
0.816258
0.788045
0.396925
0.759451
0.627689
0.021200
0.949009
0.456123
0.921916
0.199824
0.869958
0.689069
0.701024
0.141745
0.733293
0.499166
0.037499
0.446392
0.191880
0.012299
0.990968
0.275434
0.983979
0.825781
0.019722
0.274777
0.490890
0.534744
0.502609
0.122389
0.031655
0.318867
0.910434
0.428580
0.078318
0.538123
0.449780
0.027327
0.994246
0.371697
0.227151
0.864204
0.060766
0.928175
0.005949
0.794059
0.427341
0.043448
0.240451
0.619221
0.055747
0.231419
0.894655
0.039726
0.057200
0.914377
0.314502
0.548090
0.449121
0.817112
0.670480
0.480776
0.135978
0.580914
0.909357
0.214297
0.119037
0.359137
0.241623
0.113283
0.730834
0.468774
0.977487
0.791599
0.396949
0.983436
0.585658
0.824290
0.026884
0.826109
0.443511
0.082631
0.057527
0.338166
0.122357
0.114727
0.252543
0.436859
0.662818
0.701665
0.253971
0.333297
0.182441
0.389949
0.914211
0.091798
0.604246
0.033248
0.450935
0.845869
0.146531
0.181768
0.314643
0.124018
0.973368
0.711592
0.107454
0.559026
0.535883
0.134338
0.385135
0.979394
0.216970
0.442662
0.317560
0.339327
0.557390
0.570103
0.776186
0.220207
0.271768
0.030157
0.553505
0.454209
0.420106
0.467716
0.546006
0.024352
0.500963
0.996941
0.870222
0.647494
0.178709
0.184865
0.771512
0.152077
0.896457
0.878967
0.711103
0.432340
0.013305
0.096237
0.411733
0.230274
0.538900
0.729293
0.569601
0.096289
0.299397
0.345787
0.316497
0.571164
0.375944
0.870001
0.025373
0.796050
0.337717
0.571380
0.820403
0.838680
0.568321
0.690624
0.486174
0.747030
0.875489
0.257686
0.899107
0.771946
0.136653
0.610210
0.204286
0.149958
0.706447
0.616019
0.380232
0.245347
0.345312
0.949833
0.341636
0.644709
0.295620
0.658133
0.215873
0.671564
0.528134
0.241246
0.467614
0.865851
0.812626
0.288017
0.704531
0.380947
0.978641
0.190705
0.127977
0.854130
0.448391
0.027084
0.626077
0.585044
0.637293
0.830362
0.735002
0.343741
0.446381
0.115234
0.589088
0.791694
0.065067
0.930724
0.436403
0.360687
0.588857
0.652276
0.032251
0.116991
0.893523
0.499865
0.982841
0.706149
0.787882
0.687372
0.087095
0.766524
0.878077
0.215072
0.620654
0.326468
0.242155
0.246731
0.911512
0.879449
0.077093
0.646514
0.223190
0.523474
0.761748
0.812277
0.315168
0.826815
0.743001
0.751570
0.187502
0.331858
0.403847
0.219753
0.448848
0.297369
0.719619
0.431689
0.003518
0.507501
0.119062
0.090613
0.274025
0.997139
0.305685
0.894679
0.323607
0.547840
0.141409
0.235120
0.427289
0.218502
0.881634
0.650479
0.741976
0.643382
0.462756
0.057144
0.470197
0.205757
0.808714
0.657699
0.537615
0.212561
0.877453
0.986463
0.509930
0.597072
0.418152
0.513447
0.104573
0.537214
0.604060
0.378598
0.534353
0.909745
0.273277
0.857960
0.457585
0.414686
0.093079
0.884874
0.633188
0.974713
0.535353
0.375164
0.618095
0.998109
0.432308
0.088293
0.203866
0.241022
0.745992
0.741481
0.453583
0.623445
0.727944
0.963513
0.220516
0.146096
0.476960
0.325089
0.683310
0.081021
0.703687
0.217663
0.990766
0.976964
0.075622
0.448351
0.391650
0.168702
0.333225
0.024838
0.143415
0.868578
0.400002
0.761510
0.866687
0.832310
0.849803
0.070553
0.073332
0.595795
0.812033
0.526915
0.219240
0.539977
0.490428
0.439756
0.686073
0.967388
0.764846
0.369383
0.048409
0.468533
0.587045
0.039175
0.445497
0.662668
0.487525
0.837147
0.831370
0.820750
0.861985
0.974785
0.689328
0.261987
0.736295
0.556015
0.094297
0.586098
0.626567
0.167630
0.181893
0.438601
0.694545
0.401133
0.978578
0.184973
0.840889
0.664651
0.152362
0.605734
0.034034
0.200771
0.074267
0.621079
0.239945
0.519764
0.283747
0.727471
0.356910
0.115117
0.548221
0.218895
0.089901
0.237549
0.480882
0.826197
0.793563
0.575180
0.412295
0.420131
0.742809
0.594188
0.858731
0.437355
0.995320
0.837309
0.622328
0.836209
0.501960
0.774689
0.441944
0.535994
0.975460
0.516211
0.157074
0.215405
0.035975
0.440821
0.942876
0.392885
0.555937
0.491097
0.611780
0.645839
0.728645
0.092663
0.472036
0.522208
0.667842
0.884330
0.942339
0.410652
0.478518
0.801070
0.848006
0.473839
0.638380
0.470334
0.310048
0.140340
0.245023
0.751992
0.676334
0.220483
0.268202
0.833408
0.435889
0.304177
0.274228
0.378765
0.697062
0.830166
0.869862
0.308843
0.476005
0.598507
0.401505
0.948040
0.120715
0.069347
0.832371
0.063054
0.479999
0.310889
0.864125
0.328005
0.784727
0.502505
0.798339
0.094775
0.642845
0.043362
0.846767
0.319179
0.263845
0.114970
0.152587
0.699734
0.419147
0.426815
0.078499
0.116209
0.256981
0.948361
0.425051
0.732986
0.546868
0.826557
0.681026
0.667584
0.895904
0.513397
0.730638
0.375903
0.824286
0.594763
0.703907
0.609013
0.097267
0.502246
0.703788
0.740112
0.545608
0.550556
0.059291
0.809453
0.665525
0.211877
0.509188
0.084672
0.638692
0.587687
0.200881
0.895673
0.536048
0.625932
0.628659
0.082917
0.452489
0.309685
0.750500
0.348393
0.823082
0.481138
0.724295
0.647367
0.075901
0.428203
0.256380
0.173168
0.930449
0.960169
0.913281
0.476056
0.510724
0.972571
0.285510
0.176250
0.184449
0.794698
0.260922
0.823141
0.382385
0.461803
0.718815
0.918433
0.087735
0.347474
0.001350
0.540224
0.657159
0.751850
0.888616
0.480241
0.232988
0.612911
0.127608
0.308889
0.041114
0.383988
0.482057
0.971562
0.344157
0.395338
0.447619
0.854882
0.367910
0.733129
0.031132
0.552359
0.527826
0.292053
0.375500
0.910211
0.753856
0.094315
0.828644
0.841591
0.441789
0.829994
0.381814
0.098947
0.581844
0.270431
0.579188
0.814832
0.883342
0.706796
0.123721
0.924456
0.090785
0.605778
0.896019
0.434942
0.001116
0.343637
0.289824
0.369026
0.076766
0.320956
0.921385
0.604592
0.613009
0.296885
0.514803
0.366865
0.391199
0.343448
0.208456
0.832988
0.173441
0.590270
0.931935
0.755285
0.860701
0.511123
0.570117
0.744043
0.217920
0.693838
0.668499
0.308704
0.299616
0.564518
0.743646
0.300733
0.908155
0.033470
0.669758
0.984921
0.354426
0.591143
0.589514
0.967435
0.888028
0.104317
0.334299
0.279227
0.447764
0.542755
0.112215
0.621206
0.133025
0.044150
0.376491
0.993726
0.555274
0.946608
0.737769
0.773193
0.640446
0.406268
0.081898
0.940062
0.970785
0.825544
0.240795
0.878941
0.859014
0.910553
0.863862
0.213440
0.501696
0.453375
0.180875
0.389724
0.557692
0.515174
0.668951
0.005457
0.057929
0.781166
0.626663
0.190954
0.825317
0.003154
0.184680
0.380590
0.949762
0.922449
0.153784
0.590209
0.328716
0.235681
0.530271
0.299502
0.061225
0.771066
0.178443
0.920240
0.681619
0.042304
0.133679
0.183316
0.495680
0.314554
0.573040
0.053372
0.829728
0.241991
0.058829
0.887657
0.023157
0.685492
0.078611
0.848474
0.688646
0.263291
0.229064
0.638408
0.185739
0.382848
0.228617
0.514456
0.618530
0.758888
0.813958
0.679755
0.529954
0.992400
0.599995
0.211573
0.034705
0.733674
0.394889
0.530384
0.048228
0.967928
0.583757
0.877956
0.209920
0.642586
0.765613
0.233077
0.328078
0.844224
0.081551
0.016724
0.107514
0.310615
0.655132
0.293254
0.693463
0.883749
0.807709
0.311993
0.642637
0.621667
0.991748
0.172590
0.614067
0.591743
0.384163
0.648772
0.325417
0.779052
0.179156
0.373645
0.746980
0.762913
0.251600
0.956900
0.405499
0.017213
0.189977
0.733576
0.861437
0.271527
0.750300
0.968952
0.582143
0.405432
0.262205
0.275606
0.289181
0.069915
0.587599
0.931817
0.691581
0.579347
0.104407
0.305648
0.171090
0.488571
0.954420
0.496506
0.267622
0.133576
0.870151
0.014602
0.896489
0.121751
0.971502
0.301987
0.138964
0.161479
0.035563
0.000401
0.433006
0.785863
0.969353
0.015149
0.191295
0.231558
0.290755
0.480476
0.301473
0.878354
0.412293
0.993054
0.457701
0.516700
0.298703
0.628790
0.005271
0.253122
0.125296
0.272893
0.386698
0.995447
0.287495
0.283187
0.117198
0.258998
0.585174
0.256162
0.420476
0.620737
0.256564
0.853483
0.406600
0.225916
0.868632
0.597895
0.457475
0.159386
0.078371
0.758947
0.037740
0.490664
0.752001
0.495441
0.007364
0.050704
0.124231
0.012635
0.303826
0.249527
0.285528
0.690525
0.244974
0.573023
0.973712
0.362171
0.832021
0.558886
0.618334
0.252497
0.179623
0.874897
0.105980
0.586223
0.100814
0.974612
0.184119
0.558288
0.133998
0.262490
0.317235
0.171738
0.753153
0.069237
0.667179
0.760517
0.119941
0.791409
0.773152
0.423767
0.040936
0.058680
0.114292
0.285910
0.631703
0.088003
0.648081
0.463724
0.646889
0.266415
0.716221
0.826512
0.141312
0.822201
0.412735
0.242125
0.796812
0.596854
0.800413
0.930810
0.859344
0.117649
0.102548
0.612497
0.186886
0.769727
0.373015
0.306827
0.561136
0.146167
0.730594
0.602073
0.204847
0.844885
0.887983
0.836550
0.932889
0.536064
0.300273
0.579778
0.802479
0.016494
0.406290
0.943791
0.838694
0.819025
0.185916
0.635506
0.415879
0.986330
0.566316
0.275223
0.103979
0.668864
0.887720
0.290864
0.438591
0.260735
0.597691
0.999728
0.406902
0.328284
0.601801
0.611748
0.173170
0.489784
0.448298
0.106059
0.025848
0.748571
0.685837
0.828327
0.765064
0.092127
0.772117
0.603759
0.911152
0.958034
0.239265
0.327031
0.944363
0.805581
0.602254
0.048342
0.474446
0.489975
0.339206
0.913037
0.750709
0.936897
0.912765
0.157611
0.265182
0.514566
0.769359
0.438352
0.004349
0.217657
0.544410
0.030197
0.966228
0.230247
0.858524
0.731292
0.322374
0.630641
0.335051
0.233526
0.588675
0.574316
0.560557
0.533038
0.379897
0.162812
0.581380
0.854343
0.652786
0.920586
0.767380
0.403496
0.857483
0.680145
0.561107
0.122665
0.194711
0.330466
0.561016
0.199060
0.548123
0.105427
0.229257
0.514351
0.335674
0.087781
0.245644
0.658048
0.718422
0.580695
0.891573
0.307096
0.155011
0.452131
0.840134
0.534908
0.614942
0.421514
0.389251
0.267728
0.342100
0.156631
0.671224
0.199583
0.836775
0.232331
0.322248
0.031486
0.562797
0.883264
0.230547
0.110920
0.988690
0.459804
0.625272
0.324364
0.547585
0.870915
0.982412
0.266007
0.451610
0.873985
0.573103
0.606621
0.326116
0.413237
0.141529
0.941058
0.834751
0.530780
0.208787
0.176851
0.687410
0.880011
0.376434
0.524186
0.112341
0.698682
0.555672
0.675138
0.581946
0.786219
0.786059
0.570637
0.246022
0.411330
0.895001
0.793607
0.282246
0.877412
0.059614
0.733856
0.751397
0.632717
0.340477
0.077513
0.045954
0.482006
0.018571
0.880705
0.012786
0.227358
0.057556
0.700196
0.107369
0.433991
0.224382
0.219710
0.132673
0.780054
0.894848
0.714619
0.566272
0.680907
0.285255
0.812295
0.092237
0.180256
0.605902
0.374483
0.057669
0.665516
0.108339
0.809066
0.298232
0.448816
0.886579
0.344186
0.930822
0.905151
0.224891
0.943608
0.132509
0.282448
0.643804
0.239877
0.716439
0.868185
0.459588
0.849111
0.648239
0.354436
0.563730
0.214512
0.035343
0.848986
0.026806
0.127580
0.029242
0.632708
0.502063
0.086911
0.298224
0.610402
0.895977
0.596456
0.059218
0.782556
0.940643
0.990040
0.687707
0.165534
0.933648
0.820216
0.447982
0.577451
0.060093
0.164421
0.445637
0.519681
0.013532
0.093876
0.874117
0.577262
0.308387
0.909460
0.426248
0.335194
0.037040
0.455490
0.967902
0.539103
0.542401
0.266126
0.149505
0.438377
0.862582
0.208723
0.220933
0.803225
0.198763
0.908640
0.968759
0.132411
0.728856
0.416741
0.709862
0.788950
0.581162
0.155498
0.308631
0.594694
0.249374
0.182747
0.171956
0.557761
0.092207
0.598204
0.892955
0.129247
0.053694
0.860857
0.668350
0.596095
0.126983
0.817855
0.034472
0.989565
0.026578
0.255405
0.792790
0.225342
0.164045
0.761549
0.357752
0.892902
0.178290
0.067614
0.681851
0.759452
0.223112
0.990482
0.354146
0.472486
0.173229
0.526102
0.030247
0.265437
0.124306
0.923202
0.394684
0.178000
0.784058
0.063034
0.774095
0.911041
0.880889
0.808567
0.900606
0.907467
0.063972
0.693396
0.132809
0.228017
0.454945
0.490561
0.120919
0.633235
0.558175
0.802770
0.392688
0.781287
0.793252
0.746834
0.253773
0.966482
0.272936
0.284021
0.231918
0.397242
0.207223
0.626602
0.575242
0.991281
0.689636
0.349337
0.902322
0.570524
0.157903
0.802928
0.477992
0.221875
0.496324
0.610801
0.449892
0.951269
0.101362
0.570811
0.584504
0.659537
0.373581
0.977192
0.440824
0.166834
0.724026
0.694598
0.133316
0.996961
0.978618
0.365234
0.394203
0.185841
0.991836
0.969446
0.177122
0.681471
0.318782
0.079444
0.251996
0.476686
0.882372
0.729988
0.698561
0.378695
0.340788
0.148453
0.329964
0.442150
0.719264
0.914468
0.101687
0.092845
0.891660
0.542511
0.259679
0.615685
0.237109
0.392995
0.612647
0.215727
0.758229
0.006850
0.401568
0.750064
0.976296
0.578689
0.431536
0.295078
0.658133
0.683532
0.771764
0.540505
0.413519
0.470325
0.919200
0.754307
0.618778
0.249164
0.196457
0.338042
0.163631
0.298144
0.430887
0.055291
0.840655
0.690566
0.670976
0.077764
0.083561
0.283623
0.293490
0.841790
0.290473
0.695058
0.591854
0.266768
0.273747
0.023390
0.561846
0.931880
0.706922
0.333610
0.472385
0.120441
0.803935
0.391585
0.874748
0.422712
0.640748
0.071205
0.760754
0.804380
0.369350
0.191641
0.859671
0.210005
0.882207
0.530647
0.287768
0.965768
0.814269
0.581259
0.807558
0.104742
0.276317
0.399412
0.371510
0.550064
0.422802
0.933356
0.481945
0.129723
0.266966
0.954330
0.250164
0.070901
0.345915
0.124912
0.493614
0.986663
0.196117
0.254368
0.791043
0.565466
0.446009
0.650713
0.775471
0.328216
0.181360
0.063240
0.293984
0.995629
0.644499
0.101541
0.100371
0.920816
0.500953
0.471881
0.470880
0.923755
0.405237
0.952825
0.053478
0.672204
0.907154
0.303642
0.743105
0.253069
0.428554
0.236719
0.239732
0.624671
0.491086
0.030775
0.190137
0.937095
0.681488
0.965608
0.265311
0.862848
0.028848
0.559294
0.858477
0.673346
0.660836
0.958848
0.594162
0.161789
0.430729
0.065042
0.085544
0.835966
0.017866
0.139022
0.508170
0.925021
0.442664
0.251275
0.178090
0.871218
0.487993
0.417822
0.495888
0.979080
0.448597
0.686025
0.916175
0.130085
0.651633
0.181485
0.992933
0.680481
0.740780
0.851411
0.353828
0.401616
0.810259
0.947990
0.563405
0.240988
0.013031
0.648948
0.076954
0.030898
0.787971
0.585124
0.955919
0.230635
0.836398
0.134009
0.101852
0.324392
0.551831
0.597741
0.303471
0.000428
0.283766
0.219646
0.130513
0.935399
0.401131
0.123446
0.615881
0.141911
0.974856
0.969708
0.543526
0.785115
0.917698
0.106931
0.026103
0.930729
0.755879
0.103057
0.961627
0.543850
0.688181
0.917546
0.774485
0.524579
0.051554
0.876337
0.848971
0.603385
0.474078
0.152442
0.603813
0.757844
0.372088
0.734325
0.693243
0.773219
0.857771
0.309124
0.915130
0.832628
0.278832
0.458656
0.617743
0.196530
0.565587
0.643846
0.127259
0.321466
0.746903
0.088886
0.865316
0.435083
0.006432
0.639800
0.959662
0.057986
0.516137
0.808633
0.661371
0.990215
0.961075
0.265184
0.748059
0.333163
0.999509
0.441302
0.106382
0.857280
0.750426
0.021512
0.689908
0.029258
0.480168
0.307650
0.225788
0.045754
0.951496
0.353047
0.367220
0.698399
0.441933
0.232536
0.133482
0.448364
0.872336
0.093144
0.506350
0.388473
0.901777
0.167721
0.378688
0.862852
0.432905
0.126747
0.196015
0.432414
0.568050
0.302397
0.289694
0.318476
0.323909
0.979601
0.347734
0.804076
0.287252
0.573522
0.849831
0.238748
0.926569
0.217051
0.937146
0.368502
0.449586
0.070628
0.816866
0.321922
0.163772
0.323216
0.710396
0.065549
0.490938
0.089084
0.928400
0.923842
0.215831
0.124415
0.356256
0.783881
0.426812
0.645950
0.102357
0.750721
0.625551
0.450091
0.554797
0.912803
0.023613
0.404627
0.151550
0.950182
0.621678
0.088696
0.318684
0.071264
0.159324
0.135550
0.393187
0.323096
0.458767
0.103582
0.388645
0.949704
0.192666
0.317045
0.873547
0.408497
0.441460
0.229803
0.192378
0.868272
0.875753
0.294734
0.618993
0.501304
0.744825
0.173790
0.414106
0.768438
0.578417
0.565657
0.718620
0.200095
0.654353
0.037304
0.271359
0.813678
0.172855
0.664546
0.136774
0.631621
0.768128
0.525419
0.581326
0.960794
0.842464
0.454873
0.369291
0.283924
0.684676
0.561668
0.152196
0.560429
0.856403
0.771189
0.061733
0.601228
0.944979
0.475839
0.369666
0.523396
0.041496
0.088286
0.723491
0.695849
0.125591
0.994850
0.509526
0.298445
0.659396
0.646300
0.930066
0.427523
0.171719
0.511392
0.388317
0.014182
0.966265
0.757608
0.298106
0.650941
0.319276
0.450303
0.211369
0.175679
0.221492
0.273102
0.776907
0.166471
0.748941
0.146573
0.689866
0.790437
0.234859
0.413357
0.486285
0.360450
0.408207
0.995812
0.658895
0.067603
0.642112
0.588961
0.495126
0.813831
0.100354
0.883443
0.828013
0.066619
0.641051
0.126120
0.717559
0.960327
0.576422
0.928929
0.136006
0.797914
0.202031
0.912913
0.964385
0.950972
0.059486
0.654251
0.741408
0.294345
0.067608
0.227694
0.654795
0.475816
0.223505
0.313690
0.543418
0.865617
0.902652
0.038544
0.679448
0.003005
0.921987
0.507461
0.069624
0.563038
0.633581
0.787183
0.523365
0.210003
0.716112
0.659371
0.007917
0.918142
0.572283
0.972302
0.869114
0.631769
0.626553
0.610522
0.926114
0.694162
0.838216
0.580910
0.169977
0.061721
0.894600
0.713396
0.927338
0.797251
0.751940
0.606786
0.800257
0.673927
0.114247
0.869880
0.236966
0.747828
0.657064
0.760331
0.957831
0.373175
0.419701
0.965748
0.291318
0.991985
0.938050
0.160432
0.623754
0.564603
0.770954
0.549868
0.258765
0.609169
0.130778
0.428742
0.670890
0.025378
0.142138
0.598228
0.822629
0.894078
0.205015
0.622885
0.568005
0.319262
0.492766
0.804971
0.067090
0.149829
0.565301
0.024921
0.523005
0.985003
0.990669
0.814322
0.976987
0.928719
0.974754
0.600741
0.493322
0.745708
0.150610
0.752087
0.354877
0.281388
0.180829
0.025767
0.306765
0.322967
0.623996
0.129394
0.217045
0.829010
0.752279
0.785051
0.148272
0.245045
0.590021
0.215362
0.394875
0.155323
0.240283
0.917880
0.140325
0.230951
0.732202
0.117313
0.159670
0.706956
0.718054
0.652992
0.452664
0.868664
0.405080
0.807541
0.150051
0.585909
0.833308
0.456816
0.908876
0.457303
0.586210
0.125922
0.286314
0.338490
0.910972
0.434586
0.583535
0.500993
0.649948
0.978410
0.656316
0.890231
0.896289
0.796641
0.121182
0.628491
0.913954
0.280852
0.335447
0.632008
0.933845
0.788111
0.500671
0.338924
0.595652
0.650723
0.924833
0.428960
0.107539
0.833710
0.886263
0.693749
0.959631
0.172577
0.032239
0.870603
0.607163
0.615774
0.371597
0.257111
0.594184
0.027913
0.147341
0.490473
0.824554
0.268523
0.118965
0.738508
0.549376
0.454412
0.370516
0.483221
0.242523
0.871187
0.822145
0.838175
0.521910
0.746978
0.267135
0.629449
0.580688
0.153398
0.323198
0.540319
0.325975
0.355437
0.410922
0.933137
0.971211
0.782519
0.190248
0.565395
0.810432
0.337589
0.055868
0.634986
0.606113
0.174832
0.373494
0.155489
0.629245
0.744010
0.638709
0.871768
0.615197
0.460854
0.709943
0.137107
0.207833
0.977078
0.766556
0.788521
0.130475
0.089754
0.328840
0.456450
0.445191
0.739762
0.389587
0.416401
0.522281
0.579835
0.981796
0.332712
0.917425
0.037664
0.967698
0.523537
0.212496
0.341192
0.679026
0.841741
0.085201
0.317735
0.713509
0.700398
0.778590
0.423452
0.837505
0.986422
0.400529
0.604061
0.774943
0.531005
0.693815
0.103782
0.987455
0.139005
0.843544
0.377042
0.555407
0.365825
0.956877
0.537203
0.698538
0.874302
0.574867
0.666236
0.397839
0.787363
0.007427
0.076865
0.629104
0.092628
0.394600
0.342613
0.793026
0.173190
0.766064
0.630531
0.159612
0.166593
0.234592
0.934555
0.697598
0.928406
0.038337
0.685052
0.067412
0.881882
0.062094
0.622818
0.247707
0.018971
0.160021
0.946244
0.893273
0.734887
0.612480
0.291112
0.522250
0.619907
0.367977
0.151354
0.712535
0.762577
0.493967
0.505561
0.935767
0.260031
0.136092
0.095378
0.426624
0.370684
0.029933
0.124222
0.299091
0.068270
0.809274
0.366502
0.950152
0.871368
0.989321
0.197859
0.890340
0.149341
0.144103
0.783613
0.884229
0.756583
0.074725
0.406479
0.376490
0.442702
0.557833
0.089026
0.205279
0.051800
0.594587
0.141045
0.311830
0.730680
0.236424
0.738454
0.101364
0.266357
0.862676
0.400455
0.334627
0.671950
0.766957
0.284779
0.543318
0.756278
0.482637
0.433658
0.905619
0.626741
0.217271
0.789848
0.383324
0.291995
0.196327
0.759814
0.734697
0.754160
0.848840
0.939976
0.805960
0.443427
0.081021
0.117790
0.174107
0.317444
0.856244
0.275471
0.583801
0.718920
0.675926
0.918428
0.390870
0.442883
0.203207
0.934188
0.199160
0.685844
0.367846
0.104779
0.312585
0.585117
0.894627
0.695909
0.877112
0.090954
0.455723
0.611810
0.845114
0.304563
0.551785
0.651073
0.747991
0.632806
0.768863
0.922098
0.950250
0.625107
0.197569
0.534052
0.344028
0.873494
0.452480
0.734898
0.316377
0.655687
0.669086
0.515537
0.341531
0.036933
0.620316
0.654116
0.622050
0.514943
0.350025
0.499162
0.605897
0.805748
0.110972
0.451010
0.110312
0.662757
0.102084
0.858302
0.295563
0.870947
0.780400
0.245813
0.496054
0.977969
0.779865
0.840082
0.851463
0.232344
0.574979
0.167840
0.888031
0.244066
0.683377
0.229562
0.280998
0.303693
0.883678
0.903048
0.818636
0.233704
0.402210
0.424533
0.039452
0.513182
0.875544
0.149764
0.175938
0.977627
0.008066
0.471501
0.848574
0.788466
0.717314
0.344628
0.766435
0.497179
0.184710
0.617898
0.729524
0.759689
0.785738
0.617555
0.003755
0.469115
0.847117
0.284753
0.772808
0.730795
0.187801
0.591444
0.964499
0.590011
0.015977
0.003951
0.103192
0.891521
0.153714
0.279131
0.869148
0.161781
0.750632
0.717722
0.950247
0.467947
0.062350
0.716682
0.965126
0.247059
0.334580
0.694649
0.006748
0.120318
0.312204
0.010503
0.589432
0.159321
0.295256
0.362240
0.890116
0.483057
0.953684
0.854615
0.073067
0.969661
0.858566
0.176260
0.861182
0.012280
0.455390
0.730330
0.174061
0.206023
0.448052
0.124308
0.673969
0.510402
0.840990
0.639095
0.757461
0.175570
0.333744
0.764210
0.295888
0.645948
0.774713
0.885320
0.805269
0.069969
0.247560
0.695385
0.553025
0.201244
0.550000
0.626093
0.170906
0.408566
0.802352
0.032088
0.420846
0.257743
0.762418
0.594906
0.463765
0.210470
0.719214
0.137734
0.720872
0.560204
0.776829
0.478334
0.735774
0.110573
0.242544
0.031661
0.756522
0.017256
0.916981
0.561791
0.087225
0.164541
0.257176
0.640251
0.365785
0.807177
0.266343
0.536691
0.215742
0.068695
0.568779
0.636588
0.326438
0.331197
0.231494
0.790203
0.541668
0.950709
0.927937
0.262540
0.510913
0.704766
0.740874
0.246686
0.815339
0.983417
0.278348
0.571861
0.000674
0.195329
0.133652
0.087899
0.359870
0.390829
0.728149
0.725656
0.198005
0.994493
0.262347
0.413747
0.063188
0.831126
0.050336
0.389625
0.162323
0.281830
0.179828
0.703991
0.232539
0.107765
0.966531
0.743451
0.812531
0.707404
0.990138
0.627871
0.690821
0.268485
0.199732
0.691495
0.463814
0.333384
0.779394
0.823685
0.724212
0.507543
0.549340
0.922217
0.502036
0.811687
0.335965
0.565224
0.642813
0.386300
0.954849
0.805136
0.668130
0.134677
0.509127
0.900669
0.242442
0.475658
0.644120
0.054973
0.183062
0.634258
0.682844
0.873883
0.902743
0.882575
0.565379
0.366558
0.215959
0.344773
0.190242
0.940172
0.852316
0.739583
0.862389
0.354352
0.551270
0.198354
0.919576
0.194083
0.584654
0.874425
0.999220
0.252784
0.009102
0.508347
0.153453
0.251544
0.984005
0.797574
0.306517
0.167067
0.431831
0.989361
0.040950
0.334575
0.871937
0.606329
0.701132
0.087896
0.951101
0.891374
0.028067
0.803417
0.630957
0.890456
0.157769
0.182227
0.088810
0.077344
0.376311
0.673464
0.951769
0.375530
0.926249
0.960871
0.883877
0.079702
0.212415
0.867882
0.877276
0.518932
0.034948
0.309107
0.508293
0.075898
0.643682
0.380230
0.682227
0.344814
0.468125
0.633328
0.236188
0.496193
0.436745
0.867146
0.386649
0.594514
0.049373
0.475459
0.671858
0.425684
0.148923
0.623627
0.801214
0.075172
0.584498
0.685091
0.154874
0.796913
0.552972
0.032149
0.315845
0.587921
0.341256
0.824138
0.663819
0.984938
0.204368
0.346045
0.329752
0.672493
0.979373
0.565940
0.168686
0.416118
0.433086
0.555335
0.010632
0.482459
0.030793
0.682490
0.908142
0.179716
0.306118
0.709356
0.254888
0.890616
0.394447
0.409762
0.687529
0.947419
0.441911
0.003374
0.535340
0.783168
0.827512
0.199158
0.768106
0.031880
0.545204
0.097858
0.704373
0.524577
0.663798
0.873058
0.940695
0.096884
0.428393
0.951327
0.579342
0.459186
0.633818
0.487485
0.638903
0.939936
0.196841
0.893791
0.830552
0.591287
0.303553
0.518081
0.538707
0.745464
0.521455
0.074046
0.528632
0.348967
0.273205
0.296738
0.380847
0.818409
0.394596
0.085219
0.342986
0.058394
0.958278
0.283681
0.155278
0.386670
0.235009
0.734620
0.845857
0.868826
0.222105
0.484759
0.808762
0.418945
0.378550
0.639314
0.010233
0.682103
0.157394
0.548939
0.427567
0.678849
0.622986
0.956199
0.027816
0.896191
0.252937
0.408662
0.714600
0.647533
0.493881
0.057586
0.705927
0.452159
0.341267
0.861204
0.838830
0.576276
0.595825
0.684686
0.445102
0.817929
0.169446
0.253864
0.236875
0.547996
0.893178
0.247107
0.230099
0.050572
0.796047
0.657666
0.729421
0.419033
0.613865
0.757236
0.315224
0.866802
0.165899
0.029824
0.514335
0.659780
0.087409
0.220261
0.111939
0.428677
0.081466
0.950769
0.004953
0.677290
0.635455
0.450055
0.495219
0.804901
0.703919
0.732094
0.352897
0.597097
0.979201
0.582995
0.647669
0.775248
0.240661
0.377090
0.194281
0.854526
0.134326
0.509505
0.721328
0.300225
0.539328
0.235662
0.960005
0.626738
0.455924
0.071944
0.055415
0.537389
0.022713
0.060367
0.214679
0.658168
0.510422
0.709899
0.463069
0.214341
0.441993
0.815966
0.811438
0.421194
0.398961
0.459107
0.196443
0.639622
0.836197
0.390724
0.494148
0.970523
0.900229
0.215475
0.270748
0.439557
0.451138
0.230753
0.066295
0.907061
0.302698
0.121710
0.444451
0.325411
0.182077
0.659130
0.983580
0.692499
0.369029
0.446649
0.906840
0.811022
0.262614
0.718279
0.232217
0.661575
0.177386
0.428659
0.301197
0.013583
0.819383
0.795345
0.984106
0.719612
0.010820
0.254854
0.159169
0.461958
0.485607
0.225464
0.369019
0.788305
0.347174
0.813470
0.113716
0.529251
0.472600
0.097296
0.221750
0.841629
0.543945
0.128591
0.652651
0.806559
0.846869
0.884867
0.468135
0.024255
0.313527
0.769332
0.037838
0.132910
0.564677
0.021944
0.852522
0.575497
0.276798
0.011691
0.037456
0.762405
0.237156
0.406475
0.550710
0.584330
0.219945
0.664427
0.113581
0.692545
0.761723
0.335331
0.534174
0.305667
0.463921
0.186825
0.112227
0.310791
0.071692
0.580361
0.335046
0.385219
0.349693
0.372883
0.518129
0.914370
0.394827
0.370651
0.489867
0.671625
0.382342
0.527323
0.434030
0.619497
0.933798
0.984740
0.203827
0.153743
0.649167
0.317408
0.846288
0.410890
0.652739
0.380461
0.716557
0.116660
0.567286
0.828784
0.427451
0.638978
0.409145
0.762496
0.024197
0.758838
0.135379
0.542325
0.673208
0.530206
0.912976
0.163075
0.201831
0.295318
0.690398
0.635861
0.914815
0.624196
0.620601
0.118642
0.777939
0.269767
0.436050
0.624226
0.680657
0.088789
0.004687
0.397214
0.205449
0.571973
0.225998
0.632899
0.210951
0.635142
0.395396
0.235148
0.393980
0.530775
0.777473
0.067188
0.060981
0.690449
0.230263
0.262812
0.985766
0.920661
0.898673
0.900581
0.544857
0.519273
0.019224
0.322796
0.789041
0.455273
0.947022
0.469698
0.544062
0.951710
0.866912
0.749511
0.523683
0.092910
0.382410
0.734634
0.728052
0.777806
0.969782
0.122032
0.308581
0.747254
0.189221
0.369563
0.437703
0.419484
0.632375
0.423470
0.340145
0.531048
0.324051
0.885003
0.050321
0.343274
0.207799
0.839362
0.798548
0.154821
0.309060
0.342610
0.106531
0.175972
0.092121
0.630214
0.268881
0.474531
0.364848
0.996934
0.252337
0.334630
0.118966
0.560918
0.081884
0.308186
0.930481
0.519587
0.727670
0.562856
0.943057
0.067816
0.093903
0.267108
0.952819
0.144224
0.610382
0.160618
0.983586
0.408930
0.315439
0.292646
0.751540
0.421970
0.468618
0.843661
0.052184
0.737500
0.318192
0.417032
0.734433
0.570529
0.751661
0.853399
0.131447
0.833546
0.161586
0.061928
0.353133
0.889256
0.624784
0.296190
0.957072
0.718687
0.563297
0.909891
0.862912
0.173680
0.070509
0.846498
0.582610
0.385948
0.139145
0.334150
0.807918
0.607763
0.177811
0.860102
0.345263
0.496003
0.277134
0.079696
0.066532
0.028795
0.933096
0.197979
0.862341
0.094681
0.259908
0.215473
0.983938
0.884691
0.511663
0.941010
0.603379
0.074960
0.850901
0.466290
0.248640
0.921410
0.312788
0.831250
0.307357
0.451933
0.165400
0.115275
0.059696
0.343210
0.975377
0.404959
0.839213
0.252510
0.484655
0.905745
0.281305
0.417751
0.103724
0.143646
0.512432
0.363631
0.359119
0.496370
0.248323
0.870782
0.437379
0.851702
0.945743
0.288280
0.317992
0.194383
0.209690
0.630780
0.025633
0.517047
0.082713
0.191032
0.632322
0.142409
0.534242
0.607699
0.547368
0.373455
0.860210
0.032023
0.279200
0.141515
0.449774
0.382924
0.285161
0.962206
0.746555
0.644281
0.458576
0.994878
0.515063
0.895955
0.846580
0.460806
0.184236
0.164572
0.655189
0.393925
0.795352
0.680821
0.910973
0.878065
0.871853
0.543295
0.020474
0.406096
0.150994
0.567843
0.779551
0.011204
0.599866
0.058751
0.152719
0.049640
0.441675
0.437881
0.011846
0.188230
0.082161
0.470422
0.183108
0.597224
0.366377
0.029688
0.058030
0.550613
0.194259
0.713218
0.944538
0.989611
0.394040
0.855510
0.867676
0.265893
0.398805
0.888151
0.671989
0.549800
0.455993
0.451539
0.561004
0.055859
0.510290
0.713723
0.105499
0.951965
0.151604
0.117345
0.140194
0.233765
0.587767
0.323302
0.830989
0.954144
0.352990
0.889019
0.504756
0.547249
0.602238
0.449294
0.536860
0.996277
0.304804
0.404536
0.262170
0.703610
0.292687
0.934159
0.253410
0.748680
0.385698
0.814414
0.804539
0.895988
0.528137
0.910038
0.847953
0.679741
0.027383
0.988147
0.913506
0.615150
0.311450
0.744495
0.569293
0.664439
0.633514
0.074049
0.211688
0.235752
0.523343
0.748548
0.232029
0.828148
0.153084
0.494200
0.531758
0.445771
0.428358
0.785167
0.194451
0.814057
0.599581
0.998991
0.710045
0.127718
0.909029
0.557998
0.807459
0.936412
0.546145
0.720965
0.551561
0.857595
0.465460
0.120855
0.522034
0.098975
0.194904
0.733722
0.334727
0.718247
0.482271
0.566756
0.546395
0.635355
0.060956
0.078152
0.081126
0.489314
0.863320
0.275577
0.303371
0.462901
0.274568
0.013416
0.590619
0.183597
0.571414
0.398078
0.120008
0.117559
0.119042
0.671570
0.975154
0.584502
0.792425
0.497188
0.683477
0.987329
0.230910
0.018204
0.705576
0.713181
0.584960
0.251971
0.348536
0.645916
0.330123
0.429662
0.135230
0.193443
0.705239
0.438601
0.656344
0.979807
0.452016
0.246962
0.163404
0.023430
0.645040
0.283412
0.140989
0.764082
0.954982
0.116142
0.348584
0.747407
0.613330
0.032061
0.734735
0.844240
0.050265
0.440311
0.557421
0.635225
0.692282
0.905957
0.281140
0.022405
0.335619
0.416370
0.215848
0.040858
0.854971
0.872191
0.020665
0.306987
0.119153
0.184069
0.330417
0.764193
0.467481
0.471405
0.528275
0.422463
0.587548
0.876860
0.169870
0.200878
0.908921
0.904605
0.045118
0.959186
0.344916
0.602539
0.594411
0.037198
0.508496
0.875551
0.059603
0.844115
0.291921
0.275451
0.884973
0.146892
0.147642
0.905637
0.453879
0.266795
0.089706
0.784295
0.030989
0.557187
0.255700
0.559264
0.979649
0.843248
0.436124
0.149519
0.044126
0.345045
0.054124
0.089244
0.304231
0.399040
0.691783
0.898642
0.436238
0.200279
0.774193
0.495841
0.044394
0.066114
0.771292
0.929366
0.213006
0.918934
0.835004
0.666884
0.185729
0.924710
0.451180
0.216717
0.481896
0.706880
0.775981
0.461546
0.550128
0.212105
0.611065
0.594254
0.557150
0.665189
0.683498
0.861381
0.064229
0.375281
0.760022
0.500468
0.575560
0.534215
0.996309
0.619954
0.600330
0.767601
0.549320
0.813335
0.686534
0.384324
0.480220
0.872263
0.309034
0.931400
0.088980
0.790930
0.638280
0.864962
0.252476
0.188408
0.077067
0.863541
0.782662
0.634216
0.528730
0.466160
0.495597
0.592959
0.841440
0.255619
0.093427
0.417000
0.789835
0.089735
0.036954
0.390164
0.857336
0.586274
0.203500
0.543870
0.970598
0.683720
0.416133
0.279632
0.615119
0.505114
0.070562
0.253399
0.370075
0.323038
0.441807
0.447142
0.186579
0.224469
0.081358
0.715309
0.690629
0.576955
0.308268
0.532069
0.832574
0.401694
0.949069
0.622409
0.491429
0.986023
0.012574
0.348765
0.572297
0.216073
0.892636
0.542895
0.899793
0.308769
0.822527
0.514913
0.813882
0.893089
0.768312
0.183958
0.216126
0.210119
0.631100
0.402705
0.434589
0.712458
0.118014
0.125218
0.289413
0.426281
0.657287
0.121987
0.827975
0.606356
0.744397
0.319405
0.592379
0.756970
0.668170
0.164676
0.973044
0.560805
0.707571
0.872837
0.869574
0.530097
0.387749
0.683457
0.423186
0.156061
0.867414
0.639312
0.366180
0.498514
0.042018
0.800769
0.210972
0.160031
0.925986
0.500385
0.586313
0.583273
0.622372
0.414288
0.189629
0.366768
0.733692
0.782009
0.123738
0.401862
0.946685
0.096782
0.962668
0.654256
0.969619
0.832242
0.184353
0.357368
0.515699
0.607539
0.513429
0.383113
0.246851
0.879610
0.881628
0.288869
0.680378
0.092599
0.448900
0.606365
0.592984
0.035213
0.189638
0.215356
0.449500
0.379267
0.582124
0.183193
0.161276
0.705862
0.585055
0.107961
0.802644
0.547723
0.762216
0.772263
0.379965
0.946569
0.129632
0.895664
0.554108
0.643061
0.278778
0.800959
0.522671
0.160405
0.089828
0.203049
0.253005
0.538728
0.809414
0.845989
0.573941
0.999052
0.061344
0.023441
0.378319
0.643468
0.206634
0.539595
0.349331
0.791690
0.647555
0.151975
0.339413
0.409771
0.924239
0.719378
0.356340
0.053870
0.615043
0.910448
0.696931
0.893820
0.711408
0.219602
0.054226
0.801236
0.422651
0.307231
0.339964
0.232065
0.153219
0.913905
0.231116
0.214564
0.937347
0.609435
0.858032
0.143981
0.149030
0.207363
0.935671
0.796585
0.359338
0.275084
0.206357
0.283577
0.994462
0.562697
0.337448
0.609504
0.473145
0.034379
0.503325
0.184553
0.253981
0.557550
0.985789
0.676632
0.864781
0.325754
0.908697
0.018000
0.239659
0.139814
0.232564
0.177006
0.749249
0.090596
0.320987
0.898279
0.297960
0.256658
0.694864
0.657298
0.531742
0.901221
0.940875
0.526203
0.463918
0.278323
0.135708
0.937063
0.312702
0.639033
0.121616
0.566684
0.196583
0.107405
0.243316
0.061364
0.433159
0.152013
0.079364
0.672818
0.291827
0.311929
0.849824
0.041076
0.402525
0.170811
0.939355
0.700485
0.427469
0.634219
0.357783
0.959211
0.535439
0.298658
0.485414
0.999357
0.576981
0.621122
0.936420
0.889683
0.260154
0.058036
0.456367
0.456737
0.165441
0.699683
0.518101
0.598600
0.851696
0.597466
0.271418
0.143523
0.909395
0.121242
0.184599
0.311920
0.292053
0.123953
0.012404
0.719522
0.758172
0.370187
0.678732
0.293611
0.668845
0.164146
0.292968
0.245826
0.785268
0.229388
0.135510
0.045422
0.287424
0.591877
0.502160
0.452865
0.291560
0.020261
0.051465
0.143256
0.617727
0.322883
0.286779
0.527122
0.444125
0.471378
0.839041
0.736177
0.595331
0.851446
0.455699
0.353503
0.221633
0.134431
0.647115
0.890478
0.298577
0.940083
0.136304
0.083845
0.169471
0.271814
0.129268
0.456894
0.863691
0.631427
0.909760
0.155251
0.651689
0.961225
0.298507
0.269416
0.284108
0.585286
0.796537
0.728233
0.056664
0.635579
0.464410
0.651996
0.487025
0.920109
0.005499
0.708658
0.054540
0.652614
0.599136
0.353117
0.592696
0.735440
0.436963
0.762167
0.007254
0.566230
0.219061
0.870945
0.197658
0.128821
0.026196
0.849346
0.090046
0.324703
0.118762
0.374153
0.909990
0.915299
0.102386
0.966654
0.550878
0.566796
0.618650
0.037903
0.486905
0.624149
0.746560
0.541445
0.276763
0.345696
0.894563
0.869459
0.081136
0.331525
0.631626
0.088391
0.897755
0.850687
0.959336
0.095413
0.979508
0.985532
0.944759
0.069554
0.310236
0.063521
0.443707
0.220225
0.978820
0.546093
0.186880
0.529698
0.112889
0.805529
0.567600
0.599795
0.429678
0.314160
0.141240
0.706441
0.659857
0.035803
0.575900
0.740993
0.367328
0.207526
0.829384
0.265083
0.058213
0.788720
0.360496
0.037721
0.774253
0.305255
0.107275
0.084488
0.368776
0.550982
0.304714
0.347595
0.097075
0.491593
0.877293
0.209965
0.297123
0.444893
0.809760
0.726801
0.759053
0.951000
0.433242
0.418910
0.986802
0.009143
0.159903
0.354130
0.216669
0.989287
0.619213
0.274882
0.778007
0.979709
0.312604
0.552260
0.284964
0.419879
0.636748
0.653739
0.970861
0.941462
0.001335
0.067936
0.433055
0.878627
0.277901
0.730178
0.323520
0.087661
0.456979
0.082573
0.038660
0.890221
0.501483
0.025463
0.899364
0.661386
0.379592
0.116032
0.650673
0.998805
0.390915
0.428680
0.978514
0.703518
0.980940
0.263478
0.123397
0.617688
0.917217
0.094258
0.559150
0.918552
0.162194
0.992205
0.797179
0.440096
0.722382
0.120699
0.527756
0.179361
0.203272
0.566417
0.069582
0.704756
0.591879
0.968946
0.366142
0.971472
0.084978
0.016815
0.970277
0.475893
0.445496
0.948791
0.179411
0.426436
0.212269
0.302808
0.044124
0.129486
0.397066
0.603274
0.048038
0.559261
0.595479
0.845217
0.999356
0.317861
0.965916
0.527113
0.497222
0.169189
0.093530
0.566804
0.873944
0.685409
0.535749
0.240086
0.656881
0.620727
0.256902
0.627158
0.096620
0.702397
0.575949
0.276031
0.128833
0.788218
0.578839
0.172957
0.917704
0.975906
0.776231
0.965742
0.535167
0.371710
0.810959
0.534523
0.689571
0.776875
0.061636
0.186793
0.946064
0.155166
0.753596
0.820008
0.840575
0.289346
0.060095
0.497456
0.910073
0.316996
0.124614
0.006693
0.019394
0.700563
0.282724
0.148227
0.488780
0.861563
0.321184
0.406485
0.837469
0.097416
0.372227
0.372636
0.469126
0.183186
0.907159
0.158697
0.960061
0.968795
0.345490
0.906125
0.123960
0.099086
0.726134
0.964535
0.388432
0.786228
0.461991
0.298504
0.103225
0.586605
0.305197
0.122619
0.287168
0.587921
0.270846
0.775948
0.449484
0.592030
0.182433
0.286953
0.689446
0.554660
0.659588
0.158572
0.737846
0.566747
0.317269
0.697907
0.535542
0.662758
0.604032
0.659502
0.761844
0.330166
0.624038
0.150276
0.116395
0.086029
0.448780
0.219620
0.672634
0.753978
0.342238
0.959802
0.341898
0.613084
0.735750
0.791382
0.205114
0.918183
0.078335
0.894560
0.472842
0.737924
0.053132
0.210688
0.304671
0.370401
0.908595
0.840213
0.033159
0.512628
0.499715
0.795003
0.842794
0.123753
0.945279
0.959188
0.209782
0.394060
0.178808
0.882416
0.148037
0.521046
0.842218
0.489935
0.134130
0.577968
0.281318
0.339244
0.496150
0.359653
0.233804
0.968993
0.097577
0.286936
0.179681
0.402247
0.657337
0.088276
0.242460
0.690496
0.600903
0.742175
0.485499
0.443697
0.865928
0.430778
0.402886
0.075709
0.824838
0.581694
0.958125
0.972875
0.102740
0.800343
0.462810
0.236870
0.378310
0.744128
0.576114
0.874460
0.103781
0.809918
0.843453
0.201358
0.096854
0.023134
0.603605
0.754191
0.111410
0.846065
0.444687
0.712313
0.588240
0.930186
0.156010
0.454168
0.360964
0.558896
0.529877
0.185802
0.140589
0.488002
0.158677
0.243329
0.288345
0.621487
0.480199
0.666655
0.365615
0.056313
0.541115
0.469396
0.866231
0.384568
0.670754
0.963085
0.407702
0.274359
0.717276
0.519112
0.120424
0.161963
0.231425
0.708665
0.092149
0.387435
0.162833
0.453113
0.946330
0.692710
0.638915
0.086920
0.180712
0.797592
0.330249
0.469057
0.419079
0.810447
0.135711
0.784694
0.866760
0.676826
0.254090
0.732991
0.061394
0.924844
0.696076
0.469096
0.199203
0.413352
0.988208
0.319628
0.575315
0.219632
0.028293
0.667464
0.607067
0.191125
0.120578
0.553397
0.883835
0.759493
0.640317
0.064547
0.557085
0.970566
0.533604
0.976164
0.781013
0.669315
0.760859
0.647773
0.346142
0.014949
0.380764
0.407536
0.939793
0.076840
0.876632
0.138997
0.490191
0.864840
0.458625
0.065506
0.084473
0.486917
0.732970
0.691540
0.678042
0.853548
0.244937
0.561878
0.613041
0.885255
0.626425
0.170126
0.855820
0.160029
0.146290
0.636834
0.829344
0.907149
0.284607
0.175486
0.922098
0.665371
0.583022
0.861891
0.742211
0.459654
0.000888
0.232402
0.324495
0.459512
0.297908
0.408967
0.946430
0.030878
0.100507
0.624472
0.884426
0.345444
0.186350
0.497467
0.230699
0.812774
0.667593
0.086519
0.972803
0.813883
0.723353
0.802147
0.721031
0.007960
0.977633
0.643129
0.673331
0.560655
0.505020
0.415542
0.020309
0.505907
0.647943
0.344804
0.965420
0.945851
0.753771
0.911849
0.976730
0.854278
0.536322
0.861156
0.199723
0.722671
0.358623
0.430422
0.535446
0.026215
0.516941
0.508249
0.840098
0.240294
0.310396
0.561129
0.248254
0.288029
0.204258
0.921586
0.848683
0.709277
0.337127
0.868992
0.215185
0.985071
0.213796
0.180605
0.930922
0.967567
0.092454
0.907651
0.821846
0.628776
0.768807
0.021568
0.351447
0.127430
0.451990
0.886892
0.153645
0.968931
0.395141
0.993743
0.209225
0.705537
0.554872
0.457480
0.993565
0.759129
0.379065
0.842249
0.468407
0.716192
0.711241
0.683591
0.701263
0.925037
0.864196
0.632185
0.892605
0.956650
0.539836
0.714450
0.585426
0.308643
0.736018
0.936873
0.436073
0.188008
0.823765
0.589718
0.156939
0.218906
0.583461
0.366165
0.924443
0.138332
0.823644
0.918008
0.897462
0.202709
0.760257
0.365869
0.918901
0.471498
0.049460
0.620164
0.396535
0.913656
0.252349
0.289140
0.870306
0.792185
0.003590
0.455732
0.100828
0.739608
0.392605
0.536901
0.927617
0.216370
0.126619
0.084556
0.435276
0.710079
0.450720
0.359718
0.848412
0.274365
0.277726
0.745874
0.477074
0.037983
0.111742
0.395975
0.509481
0.161202
0.016139
0.906016
0.074859
0.268487
0.195155
0.945165
0.060672
0.198745
0.400897
0.161500
0.938354
0.793502
0.698401
0.865970
0.009872
0.825019
0.950526
0.445148
0.535099
0.401247
0.804867
0.383511
0.675611
0.082593
0.129384
0.152685
0.120576
0.241127
0.548660
0.630056
0.402329
0.564799
0.536072
0.477188
0.833286
0.731227
0.422353
0.893958
0.929973
0.823250
0.055458
0.868326
0.616752
0.753859
0.734297
0.626625
0.578878
0.684823
0.071773
0.113977
0.086070
0.876640
0.497488
0.761681
0.959232
0.626873
0.914366
0.079808
0.867999
0.463026
0.709864
0.270328
0.027825
0.245936
0.747516
0.861111
0.977164
0.169868
0.755069
0.907136
0.993118
0.810527
0.775463
0.609871
0.564386
0.509760
0.236496
0.143264
0.194583
0.308269
0.257242
0.280653
0.184908
0.754730
0.042334
0.144141
0.381602
0.956701
0.223949
0.249601
0.419727
0.933813
0.519930
0.447551
0.179749
0.267445
0.308662
0.156913
0.437314
0.063731
0.064049
0.430432
0.874259
0.839512
0.040303
0.438644
0.349272
0.276799
0.581909
0.543855
0.585067
0.839150
0.824508
0.769976
0.593880
0.866842
0.914116
0.975482
0.823543
0.138065
0.225083
0.243269
0.071878
0.745013
0.690821
0.251627
0.012458
0.999483
0.408540
0.449772
0.063215
0.472589
0.880204
0.937473
0.312101
0.920507
0.376118
0.661374
0.197306
0.958026
0.205229
0.782373
0.797176
0.029737
0.552349
0.391056
0.896579
0.466465
0.366538
0.720121
0.604530
0.591621
0.963391
0.676408
0.336634
0.654211
0.928035
0.349092
0.653695
0.336575
0.798864
0.716909
0.809164
0.679069
0.654382
0.121266
0.599576
0.030500
0.782639
0.796882
0.988526
0.987868
0.579255
0.785702
0.017604
0.131604
0.176759
0.914183
0.598069
0.543297
0.634304
0.202599
0.134918
0.597695
0.879007
0.471552
0.251906
0.807042
0.820645
0.905601
0.143617
0.619509
0.622510
0.952781
0.298577
0.276893
0.074047
0.898153
0.307392
0.856686
0.695035
0.295918
0.844553
0.274290
0.081621
0.862157
0.405894
0.258379
0.776340
0.003964
0.801676
0.410645
0.206563
0.936595
0.008340
0.085570
0.408147
0.260246
0.892612
0.228792
0.165847
0.036229
0.848300
0.788357
0.989010
0.146878
0.065250
0.063057
0.045031
0.372642
0.919743
0.740066
0.668560
0.764296
0.014356
0.750181
0.626453
0.420251
0.008560
0.402794
0.424214
0.810237
0.813438
0.630777
0.746831
0.821778
0.716348
0.154978
0.082024
0.608960
0.383770
0.247871
0.645189
0.232070
0.036228
0.634200
0.378948
0.101478
0.697257
0.423979
0.474120
0.617000
0.164045
0.142680
0.381295
0.178401
0.892861
0.007749
0.598652
0.901422
0.410542
0.022867
0.711658
0.223981
0.653644
0.458490
0.045758
0.369992
0.613468
0.127782
0.978952
0.997238
0.375653
0.624141
0.229308
0.411881
0.258341
0.608256
0.513359
0.955598
0.032235
0.987478
0.572598
0.196281
0.130159
0.953893
0.374682
0.023020
0.961642
0.973334
0.924442
0.372184
0.996201
0.636100
0.596165
0.649844
0.094590
0.641923
0.019836
0.708058
0.769705
0.998788
0.705296
0.145358
0.622929
0.934604
0.557239
0.881270
0.542861
0.070598
0.836868
0.575096
0.058076
0.409466
0.771377
0.188235
0.363359
0.146059
0.211255
0.325001
0.119393
0.135696
0.697185
0.115593
0.771796
0.293350
0.765438
0.866386
0.935273
0.785274
0.574444
0.704979
0.784062
0.279741
0.850337
0.406991
0.214345
0.407576
0.288261
0.757206
0.478173
0.125130
0.332302
0.536250
0.534596
0.103679
0.724484
0.897955
0.249738
0.935739
0.222955
0.369130
0.071435
0.920140
0.484723
0.843231
0.213490
0.250161
0.709618
0.148764
0.035435
0.284062
0.853742
0.819497
0.563803
0.704079
0.226488
0.778148
0.111655
0.514749
0.535353
0.589828
0.639879
0.867655
0.126078
0.174474
0.971334
0.850562
0.072429
0.221072
0.786301
0.295384
0.590202
0.857736
0.215525
0.074925
0.700968
0.429015
0.325087
0.410586
0.577779
0.360522
0.694648
0.431521
0.180019
0.258451
0.135600
0.406506
0.036598
0.247255
0.921256
0.571952
0.837083
0.561134
0.439607
0.963161
0.735609
0.410941
0.813723
0.808038
0.632013
0.600024
0.103422
0.222215
0.457760
0.318947
0.297141
0.158728
0.747961
0.622227
0.569313
0.325740
0.982749
0.263961
0.757261
0.162768
0.522412
0.892861
0.569274
0.559010
0.140115
0.490530
0.130962
0.977198
0.051664
0.570569
0.940359
0.787273
0.981510
0.754082
0.595311
0.613523
0.354106
0.698732
0.835738
0.811866
0.017679
0.132879
0.970594
0.765640
0.755106
0.539908
0.091380
0.737855
0.803869
0.848641
0.900622
0.326281
0.741501
0.469896
0.885291
0.881617
0.960426
0.016252
0.858815
0.012090
0.586821
0.799175
0.799363
0.568331
0.553257
0.394673
0.181854
0.907363
0.093406
0.017592
0.719230
0.111085
0.150471
0.689824
0.876725
0.905577
0.229732
0.968105
0.643432
0.033601
0.816746
0.544054
0.359881
0.558248
0.013951
0.245172
0.439865
0.974377
0.261424
0.298680
0.986467
0.848245
0.097854
0.785830
0.416576
0.651111
0.180503
0.598430
0.558474
0.273909
0.616022
0.277704
0.384994
0.766493
0.967528
0.261719
0.672070
0.197260
0.229824
0.315502
0.230860
0.046570
0.859556
0.590742
0.604818
0.873507
0.835914
0.044683
0.847884
0.097338
0.343362
0.834350
0.945583
0.441217
0.620180
0.362159
0.092328
0.800683
0.960589
0.650802
0.074592
0.576612
0.928506
0.459585
0.343105
0.896034
0.721304
0.015175
0.093293
0.951128
0.330677
0.324154
0.997699
0.190234
0.914896
0.602517
0.063741
0.750809
0.647200
0.911624
0.848148
0.990562
0.745975
0.793731
0.431779
0.366155
0.155890
0.524107
0.166838
0.116479
0.174909
0.241430
0.693091
0.103415
0.701015
0.036196
0.999449
0.422319
0.051371
0.092742
0.373447
0.382048
0.416896
0.371146
0.572282
0.331791
0.973663
0.636022
0.082601
0.620862
0.547647
0.930748
0.611424
0.293622
0.724479
0.043203
0.659776
0.880369
0.567310
0.826614
0.996849
0.742219
0.068044
0.689940
0.845633
0.769059
0.726136
0.845082
0.191378
0.777507
0.937824
0.564825
0.159555
0.354719
0.935971
0.731837
0.686511
0.909633
0.367860
0.769111
0.530495
0.915506
0.699860
0.141920
0.209128
0.424339
0.185123
0.868904
0.304708
0.752433
0.695518
0.301557
0.494651
0.763562
0.991497
0.340285
0.532621
0.717633
0.185367
0.723999
0.495140
0.123190
0.288824
0.654695
0.477910
0.224794
0.386532
0.164420
0.134428
0.754392
0.933532
0.664923
0.669898
0.633391
0.806843
0.879026
0.057730
0.991965
0.747930
0.362438
0.744398
0.443449
0.663995
0.239049
0.207011
0.655491
0.579334
0.739632
0.373124
0.764700
0.463631
0.868263
0.887891
0.752454
0.522958
0.365801
0.977248
0.909490
0.530221
0.111676
0.663882
0.463753
0.776599
0.333780
0.097144
0.583442
0.212806
0.154874
0.575407
0.960736
0.517312
0.319805
0.404185
0.181307
0.558854
0.611195
0.836798
0.138188
0.350827
0.209922
0.902888
0.814458
0.078185
0.790779
0.566912
0.601144
0.156580
0.544160
0.510634
0.686801
0.655836
0.174516
0.150554
0.432435
0.508297
0.247698
0.015877
0.721103
0.402572
0.591284
0.681839
0.919884
0.911089
0.086023
0.101191
0.469943
0.697219
0.937989
0.608131
0.048046
0.147910
0.511019
0.862504
0.226096
0.301799
0.429416
0.827240
0.458378
0.973576
0.337874
0.145179
0.629412
0.512390
0.295733
0.061847
0.020687
0.543430
0.077724
0.741790
0.946002
0.669008
0.423628
0.865886
0.580097
0.509652
0.967076
0.050040
0.206870
0.905065
0.658171
0.254916
0.052975
0.169190
0.117420
0.279071
0.470989
0.546836
0.106311
0.929367
0.520412
0.444185
0.074546
0.149824
0.956575
0.370278
0.211672
0.977262
0.913709
0.289396
0.719052
0.859711
0.958404
0.142680
0.725597
0.538500
0.652331
0.692673
0.588540
0.859202
0.597738
0.246711
0.114118
0.650713
0.415901
0.231538
0.929784
0.886889
0.778374
0.036095
0.816256
0.298786
0.480280
0.890802
0.448610
0.436855
0.261080
0.660281
0.414117
0.174789
0.949677
0.133169
0.034499
0.908081
0.275849
0.760096
0.446582
0.928180
0.452769
0.035122
0.787381
0.050507
0.281832
0.901499
0.701220
0.697733
0.133037
0.631004
0.584622
0.911411
0.667100
0.400878
0.210197
0.147380
0.291679
0.658807
0.584235
0.552759
0.319088
0.998352
0.727548
0.268766
0.131521
0.762048
0.176847
0.407369
0.522144
0.623428
0.335549
0.974912
0.658550
0.122931
0.025419
0.940382
0.024430
0.726639
0.638115
0.157467
0.357643
0.222736
0.068879
0.024743
0.623614
0.279076
0.172123
0.915293
0.937882
0.756357
0.468053
0.256971
0.754710
0.195601
0.525736
0.886230
0.957648
0.702583
0.293600
0.479792
0.326011
0.629149
0.454704
0.984560
0.752080
0.480123
0.924942
0.776510
0.206762
0.563057
0.933977
0.564405
0.785793
0.002856
0.589148
0.409407
0.281932
0.761271
0.324700
0.219814
0.517628
0.792753
0.476784
0.272338
0.988353
0.002520
0.158568
0.946002
0.705103
0.452168
0.425793
0.031114
0.081317
0.880497
0.015674
0.833397
0.360620
0.940617
0.609906
0.567383
0.503673
0.543884
0.131788
0.289467
0.546740
0.720936
0.698874
0.828671
0.482207
0.023574
0.048485
0.999835
0.816326
0.525269
0.272173
0.804680
0.527790
0.430741
0.750681
0.232893
0.882909
0.176475
0.264007
0.964226
0.056972
0.279681
0.797623
0.417592
0.220297
0.407529
0.984975
0.723971
0.951413
0.116763
0.013437
0.498152
0.837699
0.712311
0.326823
0.319906
0.735885
0.375308
0.319741
0.552211
0.900577
0.591914
0.356891
0.428367
0.022655
0.107572
0.661260
0.905564
0.284047
0.925266
0.869790
0.341019
0.204947
0.667413
0.758611
0.425245
0.074942
0.743587
0.149215
0.026354
0.860350
0.162653
0.524507
0.698049
0.874964
0.851330
0.017955
0.610848
0.226638
0.337696
0.163059
0.127215
0.929611
0.519950
0.555582
0.952266
0.627523
0.216842
0.857830
0.911570
0.142108
0.727620
0.252589
0.347055
0.395032
0.011200
0.772300
0.469974
0.754787
0.921515
0.496329
0.615136
0.084168
0.020835
0.313185
0.959132
0.872165
0.331140
0.569980
0.098803
0.668837
0.733039
0.226018
0.598447
0.252990
0.781600
0.550713
0.880512
0.998442
0.408543
0.792082
0.140550
0.136162
0.044671
0.487605
0.531195
0.055871
0.259905
0.001169
0.810658
0.181420
0.497498
0.425794
0.265588
0.518333
0.738979
0.224720
0.390498
0.070119
0.794700
0.489300
0.738956
0.527740
0.715318
0.337403
0.780729
0.496918
0.888116
0.661242
0.495360
0.296659
0.453324
0.635910
0.432821
0.497995
0.123515
0.964016
0.553866
0.383419
0.965185
0.364523
0.564839
0.462682
0.790317
0.830427
0.981015
0.529296
0.055147
0.371513
0.599415
0.849847
0.860813
0.338371
0.377587
0.576131
0.675774
0.158316
0.073049
0.563890
0.819558
0.568409
0.860549
0.272882
0.204319
0.293370
0.770877
0.327833
0.257386
0.324742
0.711252
0.222570
0.689265
0.276092
0.685252
0.479582
0.106519
0.666267
0.008878
0.161667
0.037780
0.608293
0.011514
0.898593
0.946664
0.389101
0.474724
0.622439
0.547417
0.547773
0.186329
0.366975
0.116182
0.046878
0.639857
0.320500
0.340248
0.410734
0.648333
0.597634
0.735476
0.359586
0.820204
0.424741
0.635678
0.505457
0.904324
0.742197
0.171724
0.913202
0.903863
0.209504
0.521495
0.915377
0.108096
0.468160
0.304478
0.582820
0.090598
0.851895
0.130593
0.276928
0.218870
0.246774
0.323806
0.858728
0.567275
0.664054
0.269461
0.215608
0.261688
0.004937
0.575194
0.081892
0.429679
0.210871
0.587349
0.334002
0.953068
0.759072
0.247204
0.856932
0.968576
0.768699
0.772309
0.076672
0.236859
0.076788
0.659492
0.327457
0.928683
0.790085
0.604385
0.147553
0.036859
0.928191
0.006281
0.604134
0.592245
0.275742
0.819741
0.853933
0.280679
0.394935
0.935825
0.710358
0.605807
0.523174
0.044360
0.558875
0.282246
0.291564
0.415806
0.250822
0.060264
0.188116
0.327494
0.297123
0.264903
0.986986
0.624580
0.193586
0.777071
0.228965
0.341140
0.813930
0.157156
0.347420
0.418064
0.749401
0.623163
0.237805
0.603334
0.903842
0.632740
0.539160
0.614200
0.238547
0.062334
0.658560
0.797422
0.344580
0.950124
0.213228
0.595402
0.010388
0.401344
0.922897
0.307510
0.666247
0.909883
0.932090
0.859833
0.686954
0.161055
0.200972
0.500884
0.318212
0.548393
0.918948
0.067613
0.171556
0.156753
0.670947
0.075397
0.789493
0.210107
0.689597
0.028040
0.272441
0.348157
0.825461
0.617021
0.298281
0.038689
0.212423
0.308669
0.440033
0.135320
0.616179
0.106280
0.045203
0.548269
0.966112
0.732157
0.709324
0.167085
0.233041
0.027536
0.715478
0.151988
0.095149
0.887034
0.308741
0.766096
0.962431
0.098234
0.976203
0.652028
0.126273
0.248644
0.000185
0.951735
0.865665
0.298466
0.990424
0.078088
0.607135
0.430456
0.213407
0.223314
0.536736
0.258610
0.771582
0.502849
0.990767
0.480907
0.669933
0.223807
0.508442
0.385411
0.375796
0.603591
0.272445
0.684536
0.369687
0.234876
0.782770
0.345890
0.886904
0.909043
0.594534
0.887090
0.860778
0.460199
0.185556
0.851202
0.538287
0.792691
0.281658
0.751694
0.016004
0.818394
0.010304
0.787587
0.321243
0.001071
0.268494
0.991176
0.224878
0.776936
0.376588
0.600674
0.380527
0.649033
0.285210
0.750214
0.883909
0.067980
0.096104
0.770813
0.977024
0.690639
0.657903
0.837802
0.150837
0.843459
0.689003
0.689124
0.636150
0.970661
0.440818
0.652154
0.789056
0.451122
0.439741
0.110298
0.452192
0.708235
0.101475
0.677070
0.485170
0.478062
0.277744
0.865697
0.127095
0.562954
0.615911
0.011004
0.630934
0.712016
0.781817
0.607958
0.402654
0.439719
0.445759
0.553492
0.283178
0.134762
0.242616
0.919328
0.105424
0.683433
0.571482
0.894479
0.134555
0.011223
0.004778
0.586747
0.719457
0.106252
0.263817
0.204628
0.584314
0.541562
0.070325
0.711409
0.104516
0.686237
0.722413
0.735450
0.398252
0.504230
0.343408
0.800907
0.943949
0.789167
0.354398
0.227127
0.923930
0.597014
0.146455
0.029353
0.280447
0.717937
0.923833
0.415002
0.729160
0.928610
0.001749
0.448617
0.034862
0.265567
0.653245
0.619177
0.807128
0.723570
0.330586
0.911644
0.409807
0.052999
0.647094
0.808059
0.557229
0.990502
0.608966
0.501178
0.779669
0.963364
0.728305
0.703598
0.560378
0.874760
0.732952
0.840825
0.592697
0.656784
0.255827
0.321856
0.585395
0.257576
0.770474
0.620257
0.523143
0.423719
0.239434
0.330271
0.147289
0.570020
0.241915
0.557096
0.623019
0.889008
0.365155
0.180247
0.879510
0.974120
0.681425
0.659179
0.937484
0.409730
0.362777
0.497861
0.284489
0.095729
0.338686
0.877186
0.752513
0.594513
0.199043
0.337908
0.852088
0.969516
0.958165
0.375231
0.393235
0.197599
0.705502
0.540524
0.767619
0.947416
0.097619
0.390638
0.836425
0.462774
0.570885
0.715935
0.436894
0.252310
0.375114
0.374378
0.662039
0.737891
0.872239
0.946529
0.833619
0.210925
0.823715
0.586133
0.805437
0.022757
0.924041
0.657526
0.992274
0.882206
0.032757
0.385508
0.079805
0.738259
0.926032
0.847424
0.685675
0.023651
0.238061
0.522100
0.486425
0.808946
0.238035
0.923319
0.061256
0.613149
0.297697
0.723295
0.351039
0.169935
0.669824
0.184659
0.380860
0.493539
0.770791
0.186297
0.516297
0.694832
0.843823
0.508570
0.577037
0.876580
0.894079
0.656842
0.614838
0.820111
0.504266
0.300513
0.843762
0.742327
0.822613
0.330188
0.551274
0.060648
0.253507
0.612530
0.673797
0.551203
0.335825
0.024836
0.721139
0.005649
0.209495
0.101999
0.499189
0.980286
0.288296
0.015485
0.675117
0.132119
0.524055
0.252155
0.008699
0.418134
0.908997
0.623538
0.238245
0.413263
0.924051
0.082007
0.155590
0.746665
0.412195
0.706864
0.807313
0.665702
0.319394
0.481110
0.216905
0.655219
0.505946
0.938044
0.660868
0.715440
0.040042
0.160057
0.695726
0.328339
0.175542
0.370844
0.460458
0.699598
0.622998
0.469157
0.117732
0.531996
0.092695
0.355977
0.945259
0.016746
0.437984
0.100849
0.763411
0.850179
0.807713
0.570724
0.515881
0.127107
0.051833
0.732785
0.782326
0.557779
0.670829
0.443194
0.273219
0.710871
0.603251
0.968945
0.039210
0.778793
0.339789
0.499668
0.478391
0.962787
0.968826
0.596122
0.494783
